Media de largo de la cola TS - Time Series Histogram
procesed = 534.906
mean = 15056.4	variance = 6.21068e+07	sd = 7880.79
minX = 30	maxX = 28800
minY = 0	maxY = 0.80797

      30         0
 59.9688         0
 89.9375         0
 119.906         0
 149.875         0
 179.844         0
 209.812         0
 239.781         0
  269.75         0
 299.719         0
 329.688         0
 359.656         0
 389.625         0
 419.594         0
 449.562         0
 479.531         0
   509.5  0.109179
 539.469  0.105089
 569.438  0.105089
 599.406  0.105089
 629.375  0.0887774
 659.344  0.0887774
 689.312  0.0887774
 719.281  0.0887774
  749.25  0.0736247
 779.219  0.0732806
 809.188  0.0697552
 839.156  0.0697552
 869.125  0.140119
 899.094   0.13392
 929.062  0.141993
 959.031   0.13674
     989   0.17855
 1018.97  0.195401
 1048.94  0.259195
 1078.91  0.277596
 1108.88  0.277596
 1138.84  0.466682
 1168.81  0.498668
 1198.78  0.507035
 1228.75  0.551854
 1258.72  0.570144
 1288.69  0.556977
 1318.66  0.540536
 1348.62  0.531157
 1378.59  0.514442
 1408.56  0.506215
 1438.53  0.499401
  1468.5  0.499401
 1498.47  0.477484
 1528.44  0.469242
 1558.41  0.458898
 1588.38  0.458898
 1618.34  0.444139
 1648.31  0.429862
 1678.28  0.429862
 1708.25  0.429862
 1738.22  0.429862
 1768.19  0.406639
 1798.16  0.406639
 1828.12  0.406639
 1858.09  0.406639
 1888.06  0.406639
 1918.03  0.461441
    1948  0.460333
 1977.97  0.460333
 2007.94  0.444217
 2037.91  0.438866
 2067.88  0.438866
 2097.84  0.424427
 2127.81  0.424427
 2157.78  0.421751
 2187.75  0.416306
 2217.72  0.410291
 2247.69  0.410291
 2277.66  0.419796
 2307.62  0.419817
 2337.59  0.449459
 2367.56  0.457251
 2397.53  0.467862
  2427.5  0.474811
 2457.47  0.486761
 2487.44  0.502509
 2517.41  0.496547
 2547.38  0.493877
 2577.34   0.48703
 2607.31  0.479842
 2637.28  0.477086
 2667.25  0.469307
 2697.22  0.470891
 2727.19  0.461975
 2757.16  0.461975
 2787.12  0.470922
 2817.09  0.483862
 2847.06  0.487561
 2877.03  0.487561
    2907  0.480904
 2936.97  0.477198
 2966.94  0.477198
 2996.91  0.477198
 3026.88  0.477198
 3056.84  0.456518
 3086.81  0.453649
 3116.78  0.448102
 3146.75  0.448102
 3176.72  0.440475
 3206.69  0.440475
 3236.66  0.432659
 3266.62  0.442516
 3296.59  0.443637
 3326.56  0.445776
 3356.53  0.464002
  3386.5  0.458798
 3416.47  0.455747
 3446.44  0.451866
 3476.41  0.447264
 3506.38  0.444771
 3536.34  0.444771
 3566.31  0.444771
 3596.28  0.444771
 3626.25  0.435551
 3656.22  0.436635
 3686.19  0.434256
 3716.16  0.435341
 3746.12  0.460506
 3776.09  0.473514
 3806.06  0.493906
 3836.03  0.490722
    3866  0.486825
 3895.97  0.486825
 3925.94  0.486825
 3955.91  0.486825
 3985.88  0.499047
 4015.84  0.497841
 4045.81  0.495188
 4075.78  0.503422
 4105.75  0.506013
 4135.72   0.51377
 4165.69  0.512195
 4195.66   0.51305
 4225.62  0.508842
 4255.59   0.50438
 4285.56  0.503815
 4315.53  0.503815
  4345.5  0.503815
 4375.47  0.490919
 4405.44  0.490919
 4435.41  0.490919
 4465.38  0.490919
 4495.34   0.47998
 4525.31   0.47998
 4555.28   0.47998
 4585.25  0.468626
 4615.22  0.468626
 4645.19  0.468626
 4675.16  0.460121
 4705.12  0.460121
 4735.09  0.454142
 4765.06  0.454142
 4795.03  0.449675
    4825   0.44475
 4854.97   0.44475
 4884.94   0.44475
 4914.91   0.44475
 4944.88   0.45826
 4974.84  0.459162
 5004.81  0.458487
 5034.78  0.458487
 5064.75  0.451818
 5094.72  0.448981
 5124.69  0.450788
 5154.66  0.446468
 5184.62  0.445338
 5214.59  0.443292
 5244.56  0.443805
 5274.53  0.442197
  5304.5  0.440373
 5334.47  0.446041
 5364.44  0.447028
 5394.41  0.450395
 5424.38  0.451842
 5454.34  0.450057
 5484.31  0.453741
 5514.28  0.464665
 5544.25  0.464665
 5574.22  0.498477
 5604.19  0.501114
 5634.16  0.498376
 5664.12  0.496617
 5694.09  0.493468
 5724.06  0.493468
 5754.03  0.489003
    5784  0.490546
 5813.97  0.486398
 5843.94  0.485186
 5873.91   0.48178
 5903.88   0.48178
 5933.84   0.48178
 5963.81   0.47601
 5993.78  0.473576
 6023.75  0.474831
 6053.72  0.474831
 6083.69  0.470472
 6113.66  0.470472
 6143.62  0.470472
 6173.59  0.470472
 6203.56   0.47893
 6233.53  0.478096
  6263.5  0.476243
 6293.47  0.474233
 6323.44  0.472311
 6353.41    0.4693
 6383.38  0.467565
 6413.34  0.467565
 6443.31  0.467565
 6473.28  0.460147
 6503.25  0.460147
 6533.22  0.459097
 6563.19  0.464682
 6593.16   0.46917
 6623.12  0.467866
 6653.09  0.467866
 6683.06  0.463846
 6713.03  0.473712
    6743  0.494184
 6772.97  0.494184
 6802.94  0.530988
 6832.91  0.538481
 6862.88  0.552262
 6892.84  0.586742
 6922.81  0.608051
 6952.78   0.62337
 6982.75  0.651067
 7012.72  0.665969
 7042.69   0.67948
 7072.66  0.686311
 7102.62  0.707715
 7132.59  0.707715
 7162.56  0.741356
 7192.53  0.743898
  7222.5  0.743308
 7252.47  0.744555
 7282.44  0.744726
 7312.41  0.746965
 7342.38  0.748323
 7372.34  0.760192
 7402.31  0.765557
 7432.28  0.764559
 7462.25  0.762541
 7492.22  0.760172
 7522.19  0.761347
 7552.16    0.7594
 7582.12   0.75557
 7612.09   0.75557
 7642.06  0.751407
 7672.03  0.751407
    7702  0.745963
 7731.97  0.749357
 7761.94  0.756204
 7791.91  0.764911
 7821.88  0.767754
 7851.84  0.765543
 7881.81  0.762053
 7911.78  0.762053
 7941.75  0.758568
 7971.72  0.758568
 8001.69  0.750479
 8031.66  0.750479
 8061.62  0.750479
 8091.59  0.744632
 8121.56  0.744632
 8151.53  0.737604
  8181.5  0.737604
 8211.47  0.737604
 8241.44  0.737604
 8271.41  0.728134
 8301.38  0.725777
 8331.34  0.725777
 8361.31  0.718478
 8391.28  0.718478
 8421.25  0.718478
 8451.22  0.718478
 8481.19   0.70882
 8511.16   0.70882
 8541.12   0.70882
 8571.09  0.701351
 8601.06  0.699674
 8631.03  0.699674
    8661  0.699674
 8690.97  0.699674
 8720.94  0.699674
 8750.91  0.686913
 8780.88  0.685261
 8810.84   0.68323
 8840.81   0.68323
 8870.78  0.686075
 8900.75  0.691586
 8930.72  0.690853
 8960.69  0.687642
 8990.66  0.688817
 9020.62  0.693081
 9050.59    0.6925
 9080.56  0.691725
 9110.53  0.691725
  9140.5  0.693662
 9170.47  0.693662
 9200.44  0.687912
 9230.41  0.691399
 9260.38  0.691399
 9290.34  0.702146
 9320.31   0.71124
 9350.28  0.719429
 9380.25  0.728371
 9410.22  0.732424
 9440.19  0.738477
 9470.16  0.748275
 9500.12  0.748275
 9530.09  0.766499
 9560.06  0.771627
 9590.03  0.773267
    9620  0.773044
 9649.97  0.772868
 9679.94  0.772868
 9709.91  0.767491
 9739.88  0.765064
 9769.84  0.764892
 9799.81  0.764892
 9829.78  0.759413
 9859.75  0.755681
 9889.72  0.755681
 9919.69  0.755681
 9949.66  0.755681
 9979.62  0.755681
 10009.6  0.755681
 10039.6  0.755681
 10069.5  0.755681
 10099.5  0.755681
 10129.5  0.736792
 10159.4  0.736792
 10189.4  0.736792
 10219.4  0.729623
 10249.3    0.7275
 10279.3    0.7275
 10309.3  0.724225
 10339.2  0.724225
 10369.2  0.720351
 10399.2  0.717244
 10429.2  0.715977
 10459.1  0.715977
 10489.1    0.7112
 10519.1    0.7112
   10549  0.711835
   10579   0.70909
   10609   0.70909
 10638.9  0.706437
 10668.9  0.706437
 10698.9  0.706437
 10728.8  0.699499
 10758.8  0.697196
 10788.8   0.69589
 10818.8   0.69589
 10848.7   0.69589
 10878.7  0.690746
 10908.7  0.690746
 10938.6  0.691102
 10968.6  0.689349
 10998.6  0.688139
 11028.5  0.688139
 11058.5  0.688139
 11088.5  0.682208
 11118.4   0.67938
 11148.4  0.677646
 11178.4  0.677646
 11208.3  0.678053
 11238.3  0.677353
 11268.3  0.674764
 11298.2  0.674764
 11328.2   0.67035
 11358.2   0.67035
 11388.2  0.667014
 11418.1  0.667014
 11448.1  0.663892
 11478.1  0.662537
   11508  0.662537
   11538  0.663698
   11568   0.66415
 11597.9  0.665973
 11627.9  0.665104
 11657.9  0.661975
 11687.8   0.66091
 11717.8   0.65923
 11747.8  0.658362
 11777.8  0.655751
 11807.7   0.65608
 11837.7  0.656166
 11867.7  0.663485
 11897.6  0.663407
 11927.6  0.664933
 11957.6  0.662763
 11987.5  0.663379
 12017.5  0.661757
 12047.5  0.661757
 12077.4  0.658398
 12107.4  0.657135
 12137.4  0.657135
 12167.3  0.653111
 12197.3  0.653111
 12227.3  0.650039
 12257.2  0.650039
 12287.2  0.650039
 12317.2  0.650039
 12347.2  0.644214
 12377.1  0.644214
 12407.1  0.641361
 12437.1   0.63971
   12467  0.638226
   12497  0.636842
   12527  0.634407
 12556.9  0.634407
 12586.9   0.63139
 12616.9  0.630293
 12646.8  0.630293
 12676.8  0.626927
 12706.8  0.625413
 12736.8  0.625413
 12766.7  0.625413
 12796.7  0.621218
 12826.7  0.621218
 12856.6  0.621218
 12886.6  0.616519
 12916.6  0.616519
 12946.5  0.614594
 12976.5  0.614594
 13006.5   0.61298
 13036.4  0.612026
 13066.4  0.616378
 13096.4  0.618827
 13126.3  0.618827
 13156.3  0.616153
 13186.3  0.616163
 13216.2  0.615248
 13246.2  0.616574
 13276.2  0.616153
 13306.2  0.614585
 13336.1  0.614585
 13366.1  0.612714
 13396.1  0.611331
   13426  0.609785
   13456  0.607781
   13486  0.607781
 13515.9  0.605329
 13545.9  0.605329
 13575.9  0.602726
 13605.8  0.601183
 13635.8  0.600349
 13665.8  0.600349
 13695.8  0.600349
 13725.7  0.600349
 13755.7  0.600349
 13785.7  0.593444
 13815.6  0.592716
 13845.6  0.592716
 13875.6   0.59013
 13905.5  0.589331
 13935.5  0.587981
 13965.5  0.585967
 13995.4  0.584318
 14025.4  0.583361
 14055.4  0.583361
 14085.3  0.583361
 14115.3  0.579466
 14145.3  0.578445
 14175.2  0.578445
 14205.2  0.575804
 14235.2  0.575804
 14265.2  0.575804
 14295.1  0.575804
 14325.1  0.571307
 14355.1  0.569689
   14385  0.569689
   14415  0.567727
   14445  0.567727
 14474.9  0.567727
 14504.9  0.564723
 14534.9  0.563562
 14564.8  0.563562
 14594.8   0.56036
 14624.8   0.56036
 14654.8  0.564055
 14684.7  0.565865
 14714.7  0.567757
 14744.7  0.569546
 14774.6  0.570515
 14804.6  0.569985
 14834.6  0.571038
 14864.5  0.570466
 14894.5  0.569392
 14924.5  0.568305
 14954.4  0.568305
 14984.4  0.568305
 15014.4  0.570608
 15044.3  0.570608
 15074.3  0.570608
 15104.3  0.571844
 15134.2  0.570846
 15164.2  0.570295
 15194.2  0.568195
 15224.2  0.567594
 15254.1  0.567594
 15284.1  0.567594
 15314.1  0.569793
   15344   0.56946
   15374   0.56763
   15404  0.567054
 15433.9  0.567054
 15463.9  0.564886
 15493.9  0.564886
 15523.8  0.567026
 15553.8  0.566745
 15583.8   0.57139
 15613.8  0.571578
 15643.7   0.57002
 15673.7  0.569625
 15703.7  0.569625
 15733.6  0.566929
 15763.6  0.566929
 15793.6  0.566929
 15823.5  0.563751
 15853.5  0.562809
 15883.5  0.562266
 15913.4  0.560643
 15943.4  0.560643
 15973.4  0.560643
 16003.3  0.557939
 16033.3  0.556577
 16063.3  0.556577
 16093.2  0.554778
 16123.2  0.554778
 16153.2  0.554778
 16183.2  0.551196
 16213.1  0.550112
 16243.1  0.550112
 16273.1  0.550112
   16303  0.547766
   16333  0.547208
   16363  0.547208
 16392.9  0.551069
 16422.9  0.554247
 16452.9  0.553202
 16482.8  0.553251
 16512.8  0.552313
 16542.8  0.552313
 16572.8  0.552313
 16602.7  0.552313
 16632.7  0.548894
 16662.7  0.547426
 16692.6  0.546377
 16722.6  0.546377
 16752.6  0.546377
 16782.5  0.543883
 16812.5  0.543883
 16842.5  0.541803
 16872.4  0.540989
 16902.4  0.540989
 16932.4  0.538576
 16962.3  0.538576
 16992.3  0.538576
 17022.3  0.536249
 17052.2  0.536249
 17082.2  0.536249
 17112.2  0.536249
 17142.2  0.536249
 17172.1  0.531285
 17202.1  0.530556
 17232.1  0.530559
   17262  0.530559
   17292   0.52866
   17322  0.527451
 17351.9  0.526683
 17381.9  0.526034
 17411.9  0.526819
 17441.8  0.526819
 17471.8  0.524976
 17501.8  0.524476
 17531.8  0.523091
 17561.7  0.522132
 17591.7  0.522132
 17621.7  0.522132
 17651.6  0.519381
 17681.6  0.518608
 17711.6  0.518608
 17741.5  0.517427
 17771.5  0.518604
 17801.5  0.517975
 17831.4  0.517308
 17861.4  0.517308
 17891.4  0.515492
 17921.3  0.516107
 17951.3  0.516107
 17981.3  0.515203
 18011.2  0.518735
 18041.2  0.521454
 18071.2  0.521485
 18101.2  0.525507
 18131.1    0.5303
 18161.1  0.533275
 18191.1  0.538692
   18221  0.548614
   18251  0.553323
   18281  0.554123
 18310.9  0.554187
 18340.9  0.554187
 18370.9  0.552166
 18400.8  0.550944
 18430.8  0.550944
 18460.8  0.549081
 18490.8  0.549081
 18520.7  0.549081
 18550.7  0.549081
 18580.7  0.552033
 18610.6  0.553502
 18640.6  0.553502
 18670.6  0.566813
 18700.5  0.567322
 18730.5  0.569878
 18760.5  0.568929
 18790.4  0.568929
 18820.4  0.570036
 18850.4  0.569267
 18880.3  0.568271
 18910.3  0.568271
 18940.3  0.569773
 18970.2  0.568943
 19000.2  0.568943
 19030.2  0.567331
 19060.2  0.566497
 19090.1  0.566497
 19120.1  0.568472
 19150.1  0.572755
   19180  0.573397
   19210  0.574141
   19240  0.573128
 19269.9  0.572348
 19299.9  0.572866
 19329.9  0.575092
 19359.8  0.576964
 19389.8  0.576936
 19419.8  0.576409
 19449.8   0.57511
 19479.7   0.57511
 19509.7  0.574021
 19539.7  0.574021
 19569.6  0.574021
 19599.6  0.570994
 19629.6  0.570237
 19659.5  0.570237
 19689.5  0.570237
 19719.5  0.567664
 19749.4  0.567697
 19779.4  0.567077
 19809.4  0.567077
 19839.3  0.564953
 19869.3  0.567079
 19899.3  0.570494
 19929.2  0.574301
 19959.2   0.57562
 19989.2  0.580534
 20019.2  0.584384
 20049.1  0.586715
 20079.1  0.586715
 20109.1  0.584966
   20139  0.585144
   20169  0.586075
   20199  0.585769
 20228.9  0.585769
 20258.9  0.583428
 20288.9  0.583121
 20318.8  0.582181
 20348.8  0.581268
 20378.8  0.580323
 20408.8  0.580087
 20438.7  0.579225
 20468.7  0.579225
 20498.7  0.577238
 20528.6  0.577238
 20558.6  0.577238
 20588.6  0.577238
 20618.5  0.573643
 20648.5  0.574083
 20678.5  0.572834
 20708.4  0.572834
 20738.4  0.573016
 20768.4  0.572655
 20798.3  0.572655
 20828.3   0.57113
 20858.3   0.57113
 20888.2   0.57113
 20918.2  0.568271
 20948.2  0.568863
 20978.2  0.568311
 21008.1  0.566915
 21038.1  0.566915
 21068.1  0.566915
   21098  0.566915
   21128  0.564278
   21158  0.562926
 21187.9  0.562612
 21217.9  0.561537
 21247.9  0.560774
 21277.8  0.560774
 21307.8  0.559167
 21337.8  0.559167
 21367.8  0.559167
 21397.7  0.559167
 21427.7  0.559167
 21457.7  0.559167
 21487.6  0.559167
 21517.6  0.559167
 21547.6  0.559167
 21577.5  0.564118
 21607.5  0.563745
 21637.5  0.562375
 21667.4  0.562375
 21697.4  0.560863
 21727.4  0.560763
 21757.3  0.560763
 21787.3  0.560763
 21817.3  0.557991
 21847.2  0.557991
 21877.2   0.55653
 21907.2   0.55653
 21937.2   0.55653
 21967.1   0.55846
 21997.1  0.557503
 22027.1  0.557503
   22057  0.558504
   22087  0.558006
   22117  0.557329
 22146.9  0.556535
 22176.9   0.55582
 22206.9  0.555176
 22236.8  0.555176
 22266.8  0.556728
 22296.8  0.556094
 22326.8  0.555361
 22356.7  0.554862
 22386.7  0.554862
 22416.7  0.556414
 22446.6   0.55589
 22476.6  0.555147
 22506.6  0.554765
 22536.5   0.55413
 22566.5   0.55413
 22596.5  0.552888
 22626.4  0.552888
 22656.4  0.552888
 22686.4  0.550657
 22716.3  0.550657
 22746.3  0.550657
 22776.3   0.54815
 22806.2  0.547644
 22836.2  0.547644
 22866.2   0.54619
 22896.2   0.54619
 22926.1  0.544639
 22956.1  0.544639
 22986.1  0.544639
   23016  0.542913
   23046  0.542913
   23076   0.54137
 23105.9  0.540543
 23135.9  0.540543
 23165.9  0.539128
 23195.8  0.538777
 23225.8  0.538777
 23255.8  0.538777
 23285.8  0.538777
 23315.7  0.535672
 23345.7  0.535672
 23375.7  0.536437
 23405.6  0.536059
 23435.6  0.535313
 23465.6  0.534322
 23495.5  0.534322
 23525.5  0.533819
 23555.5   0.53359
 23585.4  0.533809
 23615.4  0.535474
 23645.4  0.535742
 23675.3   0.53473
 23705.3  0.535832
 23735.3  0.537024
 23765.2  0.537405
 23795.2  0.539758
 23825.2  0.540044
 23855.2  0.539461
 23885.1  0.539412
 23915.1  0.538928
 23945.1  0.538375
   23975  0.538375
   24005  0.537302
   24035  0.537302
 24064.9  0.537302
 24094.9  0.537302
 24124.9  0.534241
 24154.8  0.534241
 24184.8  0.534241
 24214.8  0.534241
 24244.8  0.534241
 24274.7  0.530877
 24304.7   0.53035
 24334.7   0.53035
 24364.6  0.529238
 24394.6  0.529238
 24424.6  0.529238
 24454.5  0.527213
 24484.5  0.526576
 24514.5   0.52551
 24544.4  0.525356
 24574.4  0.525356
 24604.4  0.525356
 24634.3  0.525356
 24664.3  0.525356
 24694.3  0.522069
 24724.2  0.521293
 24754.2  0.520675
 24784.2  0.519879
 24814.2  0.519879
 24844.1  0.519879
 24874.1  0.519879
 24904.1  0.522031
   24934  0.523066
   24964  0.524959
   24994  0.524959
 25023.9  0.526107
 25053.9  0.526107
 25083.9  0.525076
 25113.8  0.524565
 25143.8  0.524565
 25173.8  0.524565
 25203.8  0.522837
 25233.7  0.522837
 25263.7  0.521522
 25293.7  0.521522
 25323.6  0.520076
 25353.6  0.519302
 25383.6  0.518731
 25413.5  0.518731
 25443.5  0.517892
 25473.5  0.517892
 25503.4  0.517892
 25533.4  0.515989
 25563.4  0.515989
 25593.3  0.514445
 25623.3  0.514166
 25653.3  0.514166
 25683.2  0.514166
 25713.2   0.51202
 25743.2   0.51202
 25773.2  0.511106
 25803.1  0.510243
 25833.1  0.510243
 25863.1  0.510243
   25893  0.508873
   25923  0.509446
   25953  0.509764
 25982.9  0.509421
 26012.9  0.509008
 26042.9  0.509008
 26072.8  0.509008
 26102.8  0.509008
 26132.8  0.509008
 26162.8  0.509008
 26192.7  0.505049
 26222.7  0.504757
 26252.7  0.505644
 26282.6  0.505301
 26312.6  0.504824
 26342.6  0.504824
 26372.5  0.506428
 26402.5  0.507045
 26432.5   0.50948
 26462.4  0.510201
 26492.4  0.510795
 26522.4   0.51271
 26552.3  0.513511
 26582.3   0.51347
 26612.3  0.513589
 26642.2  0.513039
 26672.2  0.513039
 26702.2  0.514436
 26732.2  0.514306
 26762.1  0.514433
 26792.1  0.514716
 26822.1  0.514027
   26852  0.514027
   26882  0.517765
   26912  0.517189
 26941.9  0.516829
 26971.9  0.516813
 27001.9  0.516813
 27031.8  0.515576
 27061.8  0.515396
 27091.8  0.514769
 27121.8  0.515302
 27151.7  0.518384
 27181.7  0.520955
 27211.7  0.525831
 27241.6  0.531911
 27271.6   0.53719
 27301.6  0.544714
 27331.5  0.548976
 27361.5  0.563796
 27391.5  0.571419
 27421.4  0.581659
 27451.4  0.597619
 27481.4  0.601693
 27511.3  0.613243
 27541.3  0.634223
 27571.3  0.642259
 27601.2  0.657066
 27631.2  0.661861
 27661.2  0.672107
 27691.2   0.67968
 27721.1  0.684965
 27751.1  0.687352
 27781.1  0.694507
   27811  0.695805
   27841   0.70022
   27871  0.703983
 27900.9  0.715713
 27930.9  0.723596
 27960.9  0.731821
 27990.8  0.738244
 28020.8  0.740893
 28050.8  0.746698
 28080.8  0.751188
 28110.7  0.754751
 28140.7  0.758365
 28170.7  0.759203
 28200.6  0.763907
 28230.6  0.769304
 28260.6  0.774317
 28290.5  0.778427
 28320.5  0.782058
 28350.5  0.782058
 28380.4  0.791518
 28410.4  0.793965
 28440.4  0.796814
 28470.3  0.796814
 28500.3  0.802772
 28530.3  0.804079
 28560.2  0.805674
 28590.2   0.80797
 28620.2  0.807426
 28650.2  0.806407
 28680.1  0.806407
 28710.1  0.804699
 28740.1  0.804574
   28770  0.803701
