Media de tiempos de Espera TS - Time Series Histogram
procesed = 13961
mean = 15515.3	variance = 5.96574e+07	sd = 7723.82
minX = 30	maxX = 28800
minY = 0	maxY = 23.6771

      30         0
 59.9688         0
 89.9375         0
 119.906         0
 149.875         0
 179.844         0
 209.812         0
 239.781         0
  269.75         0
 299.719         0
 329.688         0
 359.656         0
 389.625         0
 419.594         0
 449.562         0
 479.531         0
   509.5  0.164307
 539.469  0.153353
 569.438  0.153353
 599.406  0.153353
 629.375  0.153353
 659.344  0.153353
 689.312  0.153353
 719.281  0.143769
  749.25  0.127794
 779.219  0.115015
 809.188  0.109538
 839.156  0.104559
 869.125  0.104559
 899.094  0.921046
 929.062  0.981783
 959.031  0.981783
     989  0.945421
 1018.97   1.16792
 1048.94    4.1897
 1078.91    4.1897
 1108.88    4.1897
 1138.84    4.1897
 1168.81   11.3655
 1198.78   12.5361
 1228.75   13.9499
 1258.72   13.7935
 1288.69   13.7935
 1318.66   13.0675
 1348.62   12.7325
 1378.59   12.7325
 1408.56   12.4142
 1438.53   12.1114
  1468.5    11.823
 1498.47   11.5481
 1528.44   11.0348
 1558.41   11.0348
 1588.38   10.7949
 1618.34   10.7949
 1648.31   10.7949
 1678.28   10.7949
 1708.25   10.5653
 1738.22   10.5653
 1768.19   10.5653
 1798.16   10.5653
 1828.12   10.5653
 1858.09   10.5653
 1888.06    10.134
 1918.03    9.7366
    1948   9.55667
 1977.97   9.37636
 2007.94   9.20272
 2037.91   9.20272
 2067.88   9.20272
 2097.84   8.87405
 2127.81   8.71837
 2157.78   8.56805
 2187.75    8.5235
 2217.72   8.24855
 2247.69   8.11762
 2277.66   8.13303
 2307.62   8.24114
 2337.59   8.24114
 2367.56   8.89573
 2397.53   9.57785
  2427.5   10.4793
 2457.47   10.6344
 2487.44   10.7831
 2517.41   11.0408
 2547.38   10.8936
 2577.34   10.4747
 2607.31   10.4747
 2637.28   10.2128
 2667.25   10.0867
 2697.22   9.84833
 2727.19   9.84833
 2757.16   9.84833
 2787.12   9.73109
 2817.09   10.1754
 2847.06    10.092
 2877.03    10.092
    2907    10.092
 2936.97    10.092
 2966.94   9.86519
 2996.91   9.86519
 3026.88   9.86519
 3056.84   9.86519
 3086.81   9.86519
 3116.78   9.75558
 3146.75    9.5435
 3176.72    9.5435
 3206.69   9.44089
 3236.66   9.34045
 3266.62   9.19327
 3296.59   9.26926
 3326.56   9.33941
 3356.53   9.86391
  3386.5   10.0502
 3416.47   10.0502
 3446.44   9.95172
 3476.41    9.8551
 3506.38    9.8551
 3536.34   9.76034
 3566.31   9.57618
 3596.28   9.48668
 3626.25   9.39884
 3656.22   9.46019
 3686.19   9.65597
 3716.16    9.9523
 3746.12    9.9523
 3776.09   10.4552
 3806.06   11.5318
 3836.03   11.7028
    3866   11.7028
 3895.97   11.7028
 3925.94   11.4174
 3955.91   11.4174
 3985.88   11.1887
 4015.84   11.0139
 4045.81   11.0953
 4075.78   11.1797
 4105.75   11.1797
 4135.72   11.8911
 4165.69   11.7944
 4195.66   11.6511
 4225.62    11.566
 4255.59   11.4822
 4285.56   11.4822
 4315.53   11.4822
  4345.5   11.4822
 4375.47   11.4822
 4405.44   11.3996
 4435.41   11.3996
 4465.38   11.3996
 4495.34   11.3996
 4525.31   11.3182
 4555.28   11.2379
 4585.25   11.1588
 4615.22   11.1588
 4645.19   11.1588
 4675.16   11.0807
 4705.12   11.0807
 4735.09   11.0038
 4765.06   10.9279
 4795.03   10.9279
    4825   10.9279
 4854.97    10.853
 4884.94    10.853
 4914.91   10.7064
 4944.88   10.6345
 4974.84   10.5612
 5004.81   10.5322
 5034.78   10.5322
 5064.75   10.4633
 5094.72   10.3283
 5124.69   10.2621
 5154.66   10.5114
 5184.62   10.4449
 5214.59   10.3792
 5244.56   10.2502
 5274.53   10.3048
  5304.5   10.1791
 5334.47   10.1175
 5364.44   10.3182
 5394.41    10.271
 5424.38   10.5003
 5454.34    10.379
 5484.31   10.3536
 5514.28   10.3536
 5544.25   10.3536
 5574.22   11.1488
 5604.19   11.5815
 5634.16   11.8977
 5664.12   11.8313
 5694.09   11.7655
 5724.06   11.7655
 5754.03   11.6362
    5784   11.6116
 5813.97   11.5485
 5843.94   11.5485
 5873.91    11.486
 5903.88   11.3632
 5933.84   11.3028
 5963.81   11.3028
 5993.78    11.243
 6023.75   11.0801
 6053.72   11.0227
 6083.69   10.9659
 6113.66   10.9659
 6143.62   10.9659
 6173.59    10.854
 6203.56   10.8472
 6233.53   10.7659
  6263.5   10.7659
 6293.47   10.6593
 6323.44   10.6593
 6353.41   10.6068
 6383.38   10.5033
 6413.34   10.5033
 6443.31   10.4523
 6473.28   10.4018
 6503.25   10.3518
 6533.22   10.2534
 6563.19   10.2534
 6593.16    10.434
 6623.12   10.5809
 6653.09   10.5809
 6683.06   10.5315
 6713.03   10.5315
    6743   10.7218
 6772.97   10.7218
 6802.94   11.1812
 6832.91   11.7198
 6862.88   11.7198
 6892.84   12.4907
 6922.81   13.2618
 6952.78   14.2897
 6982.75   15.1528
 7012.72   15.6877
 7042.69   16.1881
 7072.66   16.7564
 7102.62   17.2487
 7132.59   17.2487
 7162.56   18.6907
 7192.53   18.8375
  7222.5    18.884
 7252.47   18.8103
 7282.44   18.7218
 7312.41   18.7218
 7342.38    18.726
 7372.34    18.726
 7402.31   19.0229
 7432.28   19.3199
 7462.25   19.0853
 7492.22   19.0077
 7522.19   19.0077
 7552.16   19.0039
 7582.12   19.0039
 7612.09   19.0039
 7642.06   18.9273
 7672.03   18.9273
    7702   18.7011
 7731.97   18.6268
 7761.94   18.7126
 7791.91   18.7126
 7821.88   19.0484
 7851.84   19.0737
 7881.81   19.0001
 7911.78   19.0001
 7941.75   19.0001
 7971.72   19.0001
 8001.69   19.0001
 8031.66    18.927
 8061.62    18.927
 8091.59    18.927
 8121.56    18.927
 8151.53   18.8545
  8181.5   18.8545
 8211.47   18.7825
 8241.44   18.7825
 8271.41   18.7825
 8301.38   18.7825
 8331.34   18.7111
 8361.31   18.7111
 8391.28   18.7111
 8421.25   18.6402
 8451.22   18.5699
 8481.19   18.5699
 8511.16   18.5001
 8541.12   18.5001
 8571.09   18.4308
 8601.06   18.4308
 8631.03   18.4308
    8661    18.362
 8690.97   18.2937
 8720.94    18.226
 8750.91    18.226
 8780.88   18.1587
 8810.84   18.1587
 8840.81   18.0257
 8870.78   17.8946
 8900.75   17.9471
 8930.72   17.9448
 8960.69   17.8807
 8990.66   17.8171
 9020.62   17.8341
 9050.59    17.938
 9080.56    17.876
 9110.53    17.876
  9140.5   17.8591
 9170.47   17.8591
 9200.44   18.0977
 9230.41   18.0497
 9260.38   18.0497
 9290.34   18.2151
 9320.31   18.3801
 9350.28   18.6768
 9380.25   18.8402
 9410.22   19.2322
 9440.19   19.2322
 9470.16   19.6057
 9500.12   19.6057
 9530.09   19.6057
 9560.06    20.353
 9590.03   20.8046
    9620   20.8416
 9649.97   20.9215
 9679.94   20.9215
 9709.91   20.7852
 9739.88   20.7177
 9769.84    20.584
 9799.81   20.5179
 9829.78   20.5179
 9859.75   20.5179
 9889.72   20.5179
 9919.69   20.5179
 9949.66   20.5179
 9979.62   20.5179
 10009.6   20.5179
 10039.6   20.5179
 10069.5   20.4521
 10099.5   20.3867
 10129.5   20.3867
 10159.4   20.3218
 10189.4   20.2573
 10219.4   20.2573
 10249.3   20.1295
 10279.3   20.0662
 10309.3   20.0662
 10339.2   19.9408
 10369.2   19.8787
 10399.2   19.8787
 10429.2   19.8787
 10459.1   19.7556
 10489.1   19.7556
 10519.1   19.6946
   10549   19.6503
   10579   19.6503
   10609     19.59
 10638.9     19.59
 10668.9   19.4706
 10698.9   19.4114
 10728.8   19.3526
 10758.8   19.3526
 10788.8   19.3526
 10818.8   19.2941
 10848.7    19.236
 10878.7   19.1782
 10908.7   19.0637
 10938.6   19.0479
 10968.6   19.0479
 10998.6   19.0479
 11028.5   19.0479
 11058.5   18.8793
 11088.5   18.7686
 11118.4   18.7137
 11148.4   18.6592
 11178.4    18.551
 11208.3   18.5021
 11238.3   18.5021
 11268.3   18.4488
 11298.2   18.3957
 11328.2    18.343
 11358.2    18.343
 11388.2   18.2906
 11418.1   18.2385
 11448.1   18.1352
 11478.1   18.0839
   11508   18.0839
   11538   17.9628
   11568   17.9628
 11597.9   17.9311
 11627.9   17.8317
 11657.9   17.7825
 11687.8   17.7335
 11717.8   17.6363
 11747.8   17.5881
 11777.8   17.5881
 11807.7   17.4708
 11837.7   17.4236
 11867.7   17.5501
 11897.6   17.5536
 11927.6   17.5327
 11957.6   17.5808
 11987.5   17.5342
 12017.5   17.4818
 12047.5   17.4358
 12077.4   17.4358
 12107.4   17.3445
 12137.4   17.3445
 12167.3   17.3445
 12197.3   17.2992
 12227.3   17.2992
 12257.2   17.2992
 12287.2   17.2542
 12317.2   17.2542
 12347.2   17.2094
 12377.1   17.1204
 12407.1   17.0324
 12437.1   17.0324
   12467   16.9887
   12497   16.9887
   12527   16.9453
 12556.9   16.9453
 12586.9   16.9021
 12616.9   16.9021
 12646.8    16.859
 12676.8    16.859
 12706.8    16.859
 12736.8   16.7313
 12766.7   16.6892
 12796.7   16.6892
 12826.7   16.6892
 12856.6   16.6472
 12886.6   16.6472
 12916.6   16.6055
 12946.5   16.6055
 12976.5    16.564
 13006.5   16.4816
 13036.4    16.491
 13066.4   16.4995
 13096.4   16.6191
 13126.3   16.6191
 13156.3   16.8125
 13186.3   16.8014
 13216.2   16.7603
 13246.2   16.7194
 13276.2   16.7164
 13306.2   16.7571
 13336.1   16.7571
 13366.1   16.7166
 13396.1   16.6762
   13426    16.636
   13456    16.636
   13486    16.596
 13515.9   16.5166
 13545.9   16.5166
 13575.9   16.4772
 13605.8   16.4772
 13635.8   16.4772
 13665.8   16.3989
 13695.8   16.3989
 13725.7   16.3989
 13755.7   16.3601
 13785.7   16.3601
 13815.6   16.3214
 13845.6   16.2829
 13875.6   16.2446
 13905.5   16.2064
 13935.5   16.1307
 13965.5   16.0931
 13995.4   16.0557
 14025.4   16.0184
 14055.4   15.9444
 14085.3   15.9077
 14115.3   15.8711
 14145.3   15.8711
 14175.2   15.8711
 14205.2   15.8347
 14235.2   15.8347
 14265.2   15.7985
 14295.1   15.7624
 14325.1   15.7624
 14355.1   15.7624
   14385   15.7265
   14415   15.7265
   14445   15.7265
 14474.9   15.6908
 14504.9   15.6198
 14534.9   15.6198
 14564.8   15.5845
 14594.8   15.5145
 14624.8   15.4797
 14654.8   15.4945
 14684.7   15.5217
 14714.7   15.6298
 14744.7     15.74
 14774.6   15.8422
 14804.6   15.9112
 14834.6   15.8809
 14864.5   15.8952
 14894.5   15.8952
 14924.5   15.8952
 14954.4   15.8255
 14984.4   15.7909
 15014.4   15.7662
 15044.3   15.7318
 15074.3   15.7318
 15104.3   15.7251
 15134.2   15.7251
 15164.2    15.691
 15194.2    15.691
 15224.2    15.657
 15254.1   15.6232
 15284.1    15.556
 15314.1   15.5337
   15344   15.4674
   15374   15.4674
   15404   15.4674
 15433.9   15.4674
 15463.9   15.4674
 15493.9   15.4015
 15523.8   15.3363
 15553.8    15.324
 15583.8    15.324
 15613.8   15.4238
 15643.7   15.3914
 15673.7   15.3914
 15703.7   15.3592
 15733.6    15.327
 15763.6    15.327
 15793.6    15.295
 15823.5    15.295
 15853.5   15.2632
 15883.5   15.2314
 15913.4   15.1998
 15943.4   15.1684
 15973.4    15.137
 16003.3   15.1058
 16033.3   15.0747
 16063.3   15.0747
 16093.2   15.0747
 16123.2   15.0438
 16153.2   15.0438
 16183.2   14.9517
 16213.1   14.9212
 16243.1   14.8909
 16273.1   14.8607
   16303   14.8306
   16333   14.7708
   16363   14.7708
 16392.9   14.8309
 16422.9   14.9335
 16452.9    14.874
 16482.8   14.8695
 16512.8   14.8695
 16542.8   14.8695
 16572.8     14.84
 16602.7     14.84
 16632.7   14.8106
 16662.7   14.7813
 16692.6   14.7521
 16722.6   14.7231
 16752.6   14.7231
 16782.5   14.7231
 16812.5   14.6942
 16842.5   14.6654
 16872.4   14.6367
 16902.4   14.6081
 16932.4   14.6081
 16962.3   14.6081
 16992.3   14.5796
 17022.3   14.5796
 17052.2   14.5796
 17082.2   14.5796
 17112.2   14.5512
 17142.2    14.523
 17172.1   14.4668
 17202.1   14.4668
 17232.1   14.4271
   17262   14.3993
   17292   14.3442
   17322   14.3167
 17351.9   14.3167
 17381.9   14.2894
 17411.9   14.2351
 17441.8   14.2351
 17471.8   14.3173
 17501.8   14.3173
 17531.8   14.2902
 17561.7   14.2363
 17591.7   14.2363
 17621.7   14.2363
 17651.6   14.2363
 17681.6   14.2095
 17711.6   14.1561
 17741.5   14.1296
 17771.5   14.0886
 17801.5   14.1107
 17831.4   14.1222
 17861.4   14.1222
 17891.4   14.1222
 17921.3   14.0699
 17951.3   14.0699
 17981.3   14.1536
 18011.2   14.1536
 18041.2   14.2628
 18071.2   14.3031
 18101.2   14.3637
 18131.1   14.3975
 18161.1   14.4688
 18191.1   14.4688
   18221   14.7329
   18251   14.8881
   18281   15.3243
 18310.9   15.3027
 18340.9   15.3027
 18370.9   15.3027
 18400.8   15.3027
 18430.8   15.3027
 18460.8   15.3027
 18490.8   15.2752
 18520.7   15.2752
 18550.7   15.2478
 18580.7   15.2205
 18610.6   15.2205
 18640.6   15.2205
 18670.6   15.4422
 18700.5   15.5535
 18730.5   15.7752
 18760.5   15.7472
 18790.4   15.7472
 18820.4   15.7299
 18850.4   15.7049
 18880.3   15.6773
 18910.3   15.6498
 18940.3   15.6259
 18970.2   15.5908
 19000.2   15.5365
 19030.2   15.5365
 19060.2   15.5096
 19090.1   15.4559
 19120.1   15.4098
 19150.1   15.4098
   19180   15.5486
   19210   15.5343
   19240   15.5343
 19269.9   15.4814
 19299.9   15.4551
 19329.9   15.4551
 19359.8    15.554
 19389.8   15.5641
 19419.8   15.5641
 19449.8   15.5118
 19479.7   15.5118
 19509.7   15.5118
 19539.7   15.5118
 19569.6   15.4858
 19599.6   15.4598
 19629.6    15.434
 19659.5   15.4082
 19689.5   15.3825
 19719.5   15.3569
 19749.4   15.3398
 19779.4   15.3144
 19809.4   15.3144
 19839.3   15.2638
 19869.3   15.2386
 19899.3   15.2739
 19929.2    15.484
 19959.2    15.484
 19989.2   15.5365
 20019.2   15.6469
 20049.1   15.7726
 20079.1   15.7726
 20109.1   15.9086
   20139   15.8828
   20169   15.8645
   20199    15.839
 20228.9    15.839
 20258.9    15.839
 20288.9   15.8135
 20318.8   15.8135
 20348.8   15.7376
 20378.8   15.7438
 20408.8   15.7438
 20438.7   15.7438
 20468.7   15.7187
 20498.7   15.6937
 20528.6   15.6937
 20558.6   15.6937
 20588.6   15.6687
 20618.5   15.5943
 20648.5   15.5943
 20678.5   15.6065
 20708.4   15.5574
 20738.4   15.5515
 20768.4   15.5271
 20798.3   15.5028
 20828.3   15.5028
 20858.3   15.5028
 20888.2   15.4785
 20918.2   15.4543
 20948.2   15.4302
 20978.2   15.4256
 21008.1   15.4256
 21038.1   15.4016
 21068.1   15.3777
   21098   15.3777
   21128   15.3538
   21158   15.3064
 21187.9   15.2592
 21217.9   15.2592
 21247.9   15.2592
 21277.8   15.2357
 21307.8   15.2357
 21337.8   15.2357
 21367.8   15.2357
 21397.7   15.2123
 21427.7    15.189
 21457.7    15.189
 21487.6    15.189
 21517.6   15.1657
 21547.6   15.1425
 21577.5   15.1379
 21607.5   15.1149
 21637.5   15.1149
 21667.4   15.0919
 21697.4   15.0689
 21727.4   15.0689
 21757.3   15.0233
 21787.3   15.0233
 21817.3   15.0233
 21847.2   15.0005
 21877.2   15.0005
 21907.2   14.9553
 21937.2   14.9103
 21967.1   14.9103
 21997.1   14.9027
 22027.1   14.8581
   22057   14.8137
   22087   14.8314
   22117   14.8257
 22146.9   14.8037
 22176.9   14.7599
 22206.9   14.7381
 22236.8   14.7164
 22266.8   14.7231
 22296.8   14.7128
 22326.8   14.7128
 22356.7   14.7128
 22386.7   14.6697
 22416.7   14.6483
 22446.6   14.6577
 22476.6   14.6364
 22506.6   14.6177
 22536.5   14.6177
 22566.5   14.5753
 22596.5   14.5753
 22626.4   14.5753
 22656.4   14.5753
 22686.4   14.5541
 22716.3   14.5541
 22746.3   14.5541
 22776.3   14.5331
 22806.2   14.5331
 22836.2   14.5121
 22866.2   14.5121
 22896.2   14.4911
 22926.1   14.4911
 22956.1   14.4494
 22986.1   14.4287
   23016    14.408
   23046    14.408
   23076   14.3873
 23105.9   14.3667
 23135.9   14.3667
 23165.9   14.3667
 23195.8   14.3462
 23225.8   14.3258
 23255.8   14.3258
 23285.8    14.285
 23315.7    14.285
 23345.7   14.2647
 23375.7   14.2477
 23405.6   14.2074
 23435.6   14.1874
 23465.6   14.1674
 23495.5   14.1275
 23525.5   14.1077
 23555.5   14.0934
 23585.4   14.0986
 23615.4   14.1193
 23645.4   14.1482
 23675.3   14.2277
 23705.3   14.2277
 23735.3   14.2681
 23765.2   14.3319
 23795.2   14.3319
 23825.2   14.4538
 23855.2   14.4695
 23885.1   14.4714
 23915.1   14.4514
 23945.1   14.4514
   23975   14.4315
   24005   14.3919
   24035   14.3919
 24064.9   14.3721
 24094.9   14.3721
 24124.9   14.3525
 24154.8   14.3525
 24184.8   14.3525
 24214.8   14.3132
 24244.8   14.2937
 24274.7   14.2742
 24304.7   14.2548
 24334.7   14.2548
 24364.6   14.2355
 24394.6   14.2161
 24424.6   14.1969
 24454.5   14.1969
 24484.5   14.1969
 24514.5   14.1777
 24544.4   14.1777
 24574.4   14.1777
 24604.4   14.1394
 24634.3   14.1203
 24664.3   14.1013
 24694.3   14.1013
 24724.2   14.0635
 24754.2   14.0258
 24784.2   14.0258
 24814.2   14.0258
 24844.1   13.9884
 24874.1   13.9884
 24904.1   13.9584
   24934   13.9584
   24964   14.0223
   24994   14.0223
 25023.9   14.2078
 25053.9   14.2078
 25083.9   14.2078
 25113.8    14.189
 25143.8    14.189
 25173.8   14.1702
 25203.8   14.1702
 25233.7   14.1515
 25263.7   14.1329
 25293.7   14.1143
 25323.6   14.0958
 25353.6   14.0773
 25383.6   14.0773
 25413.5   14.0773
 25443.5   14.0588
 25473.5   14.0588
 25503.4   14.0404
 25533.4   14.0221
 25563.4   14.0037
 25593.3   14.0037
 25623.3   13.9855
 25653.3   13.9855
 25683.2   13.9673
 25713.2   13.9673
 25743.2   13.9491
 25773.2   13.9129
 25803.1   13.9129
 25833.1   13.8949
 25863.1   13.8769
   25893   13.8411
   25923   13.8357
   25953   13.8347
 25982.9   13.8347
 26012.9   13.8347
 26042.9   13.8347
 26072.8   13.8169
 26102.8   13.8169
 26132.8   13.7815
 26162.8   13.7815
 26192.7   13.7463
 26222.7   13.7288
 26252.7   13.7055
 26282.6    13.721
 26312.6    13.721
 26342.6   13.6862
 26372.5   13.6862
 26402.5   13.7093
 26432.5   13.7656
 26462.4   13.8355
 26492.4   13.8355
 26522.4   13.8777
 26552.3   13.9585
 26582.3   14.0392
 26612.3   14.0216
 26642.2   14.0398
 26672.2   14.0398
 26702.2   14.0242
 26732.2   14.0296
 26762.1    14.039
 26792.1    14.039
 26822.1   14.0725
   26852   14.0725
   26882   14.1318
   26912   14.1188
 26941.9   14.0839
 26971.9   14.0851
 27001.9   14.0678
 27031.8   14.0678
 27061.8    14.016
 27091.8   14.0393
 27121.8   14.0393
 27151.7   14.0683
 27181.7   14.1279
 27211.7   14.1871
 27241.6   14.1871
 27271.6   14.3209
 27301.6   14.4398
 27331.5   14.7226
 27361.5   14.7226
 27391.5   14.8923
 27421.4   14.8923
 27451.4   15.1233
 27481.4   15.1233
 27511.3   15.3825
 27541.3   15.9297
 27571.3   16.4774
 27601.2   17.0787
 27631.2   17.6058
 27661.2   17.6058
 27691.2   18.9437
 27721.1   19.1417
 27751.1   19.1417
 27781.1   19.5109
   27811   19.7542
   27841   19.9046
   27871   19.9046
 27900.9   20.0689
 27930.9     20.22
 27960.9   20.4061
 27990.8   20.7337
 28020.8   20.9067
 28050.8   21.2584
 28080.8   21.4476
 28110.7   21.8192
 28140.7   21.9329
 28170.7    22.009
 28200.6    22.009
 28230.6    22.188
 28260.6   22.3997
 28290.5   22.4908
 28320.5    22.683
 28350.5    22.683
 28380.4   22.9716
 28410.4   23.0601
 28440.4   23.1205
 28470.3   23.1205
 28500.3   23.3594
 28530.3   23.3594
 28560.2   23.5166
 28590.2   23.6771
 28620.2   23.6771
 28650.2   23.6771
 28680.1   23.6771
 28710.1   23.6501
 28740.1   23.6232
   28770   23.6232
