Media de tiempos de Espera TS - Time Series Histogram
procesed = 46593
mean = 16270.7	variance = 5.72858e+07	sd = 7568.74
minX = 30	maxX = 28800
minY = 0	maxY = 68.2113

      30         0
 59.9688         0
 89.9375         0
 119.906         0
 149.875         0
 179.844         0
 209.812         0
 239.781         0
  269.75         0
 299.719         0
 329.688         0
 359.656         0
 389.625         0
 419.594         0
 449.562         0
 479.531         0
   509.5         0
 539.469   2.29906
 569.438   2.29906
 599.406   2.29906
 629.375   2.29906
 659.344   2.29906
 689.312   2.29906
 719.281   2.15537
  749.25   2.02858
 779.219   1.81505
 809.188   4.75489
 839.156   4.53876
 869.125   4.34142
 899.094   4.34142
 929.062   4.16053
 959.031    6.2807
     989   7.41072
 1018.97   7.65299
 1048.94   7.65299
 1078.91   7.40612
 1108.88   7.40612
 1138.84    11.341
 1168.81    11.341
 1198.78   12.6987
 1228.75   12.6987
 1258.72   12.3253
 1288.69   12.3253
 1318.66   14.9055
 1348.62   14.9055
 1378.59   14.9055
 1408.56   14.9055
 1438.53   19.6671
  1468.5   19.1628
 1498.47   19.1628
 1528.44   18.6837
 1558.41   18.6837
 1588.38    18.228
 1618.34    18.228
 1648.31    18.228
 1678.28   25.2623
 1708.25   30.8674
 1738.22   30.8674
 1768.19   30.8674
 1798.16   37.9235
 1828.12   37.9235
 1858.09   44.6064
 1888.06   42.7478
 1918.03   48.8368
    1948   48.7666
 1977.97   47.8779
 2007.94   46.9913
 2037.91   46.9913
 2067.88   46.9913
 2097.84    45.313
 2127.81    44.518
 2157.78   43.7505
 2187.75   42.6401
 2217.72   41.2646
 2247.69   40.6096
 2277.66   39.9751
 2307.62   39.9859
 2337.59   39.3801
 2367.56   38.2218
 2397.53   38.2218
  2427.5   37.6679
 2457.47   37.1298
 2487.44   38.2644
 2517.41   38.2644
 2547.38   38.2644
 2577.34   39.2769
 2607.31   39.2769
 2637.28   39.5897
 2667.25   39.0821
 2697.22   38.8381
 2727.19   38.8381
 2757.16   40.6165
 2787.12   41.3927
 2817.09   40.9057
 2847.06   40.9057
 2877.03   40.9057
    2907   40.9057
 2936.97   43.9045
 2966.94   44.8173
 2996.91   44.7021
 3026.88   44.8488
 3056.84   44.8488
 3086.81   44.8488
 3116.78   44.3505
 3146.75   43.3864
 3176.72   43.3864
 3206.69   42.9199
 3236.66   42.4633
 3266.62     41.15
 3296.59     41.15
 3326.56   40.9268
 3356.53   40.5986
  3386.5   40.5319
 3416.47   40.5319
 3446.44   40.1346
 3476.41   39.7449
 3506.38   39.7449
 3536.34   39.3627
 3566.31   38.6201
 3596.28   38.2591
 3626.25   37.2157
 3656.22   37.2157
 3686.19   36.2488
 3716.16   35.9309
 3746.12   35.3518
 3776.09   35.0773
 3806.06   35.0547
 3836.03   35.0547
    3866   35.9034
 3895.97   35.9034
 3925.94   35.9241
 3955.91   35.9241
 3985.88   35.3447
 4015.84     35.08
 4045.81     35.08
 4075.78     35.08
 4105.75   35.4509
 4135.72   35.4509
 4165.69   37.4652
 4195.66   37.4652
 4225.62    38.736
 4255.59    38.736
 4285.56   40.6145
 4315.53   41.4872
  4345.5   41.9683
 4375.47    42.523
 4405.44   43.4724
 4435.41   43.4724
 4465.38   43.4724
 4495.34   43.4724
 4525.31   43.1619
 4555.28   42.8557
 4585.25   42.5539
 4615.22   42.5539
 4645.19   42.5539
 4675.16   42.2564
 4705.12   42.2564
 4735.09   41.9629
 4765.06   41.6735
 4795.03   41.6735
    4825   41.6735
 4854.97   41.3881
 4884.94   41.3881
 4914.91   40.8288
 4944.88   40.5548
 4974.84   40.2844
 5004.81   40.3646
 5034.78   40.3383
 5064.75   40.0746
 5094.72   39.8144
 5124.69   39.1814
 5154.66   39.1814
 5184.62   38.9334
 5214.59   38.6885
 5244.56   38.4467
 5274.53   38.3026
  5304.5    37.851
 5334.47    37.171
 5364.44   36.9498
 5394.41   36.5151
 5424.38   36.5509
 5454.34   36.1284
 5484.31   35.9207
 5514.28   35.5484
 5544.25   35.5484
 5574.22   35.5484
 5604.19   35.9649
 5634.16   35.9649
 5664.12   36.0661
 5694.09   35.8657
 5724.06   35.8657
 5754.03   35.4716
    5784   35.2777
 5813.97    35.086
 5843.94    35.086
 5873.91   34.8964
 5903.88   34.5231
 5933.84   34.3395
 5963.81   34.3395
 5993.78   34.1578
 6023.75    33.978
 6053.72   33.9442
 6083.69   33.7722
 6113.66   33.7722
 6143.62   33.7722
 6173.59   33.5981
 6203.56   34.2888
 6233.53   33.9424
  6263.5   34.1074
 6293.47   34.1074
 6323.44   34.1074
 6353.41   34.4319
 6383.38   34.4319
 6413.34   34.8756
 6443.31   34.8756
 6473.28   35.4845
 6503.25   35.6929
 6533.22   36.0742
 6563.19   35.5588
 6593.16   36.0525
 6623.12   36.0525
 6653.09   36.6977
 6683.06   37.1269
 6713.03   36.7831
    6743   36.7831
 6772.97   36.9683
 6802.94   36.8838
 6832.91   37.3159
 6862.88    37.147
 6892.84   36.9236
 6922.81   36.9236
 6952.78   36.8434
 6982.75   36.6811
 7012.72   36.6811
 7042.69   36.3607
 7072.66   36.3607
 7102.62   36.1902
 7132.59   36.1902
 7162.56   36.0342
 7192.53   35.8796
  7222.5   35.8796
 7252.47   35.7263
 7282.44   35.5742
 7312.41   35.3122
 7342.38   35.1645
 7372.34    35.018
 7402.31   35.0423
 7432.28   35.0423
 7462.25   34.8975
 7492.22   34.7539
 7522.19   34.7539
 7552.16   35.5637
 7582.12    35.655
 7612.09   36.1315
 7642.06   35.9858
 7672.03   35.9858
    7702   35.6979
 7731.97    35.513
 7761.94   35.3726
 7791.91   35.2334
 7821.88    35.519
 7851.84   35.3802
 7881.81   35.7962
 7911.78    36.206
 7941.75    36.312
 7971.72    36.312
 8001.69    36.312
 8031.66   36.1723
 8061.62   36.1723
 8091.59   36.1723
 8121.56   36.1723
 8151.53   36.0337
  8181.5   36.0337
 8211.47   35.8962
 8241.44   35.8962
 8271.41   35.8962
 8301.38   35.8962
 8331.34   35.7597
 8361.31   35.7597
 8391.28   35.7597
 8421.25   35.6242
 8451.22   35.4898
 8481.19   35.4898
 8511.16   35.3564
 8541.12   35.3564
 8571.09    35.224
 8601.06    35.224
 8631.03    35.224
    8661    35.224
 8690.97   35.2519
 8720.94   35.2519
 8750.91    35.296
 8780.88   35.4496
 8810.84    35.437
 8840.81   35.3067
 8870.78   35.1742
 8900.75    35.177
 8930.72    35.177
 8960.69    35.336
 8990.66   35.3217
 9020.62   35.5668
 9050.59   35.5378
 9080.56   35.2876
 9110.53   35.2876
  9140.5   35.8934
 9170.47   35.8934
 9200.44   35.8934
 9230.41   36.3955
 9260.38   36.7527
 9290.34   36.6264
 9320.31   36.3764
 9350.28   36.7201
 9380.25   36.5956
 9410.22    36.472
 9440.19   36.7292
 9470.16   37.1069
 9500.12   37.1069
 9530.09   36.9832
 9560.06   37.4264
 9590.03   37.3025
    9620   37.3025
 9649.97   37.3025
 9679.94   37.3025
 9709.91   37.1794
 9739.88   37.0571
 9769.84   37.0571
 9799.81   37.0175
 9829.78   38.2124
 9859.75   38.2124
 9889.72   38.9943
 9919.69   38.9943
 9949.66   39.9138
 9979.62   39.9138
 10009.6   40.7198
 10039.6   41.3993
 10069.5   41.2667
 10099.5   41.1348
 10129.5   41.1348
 10159.4   41.0038
 10189.4   40.8736
 10219.4   40.8736
 10249.3   40.6158
 10279.3   40.6158
 10309.3   40.5898
 10339.2   40.4625
 10369.2   40.3105
 10399.2   40.3105
 10429.2   40.3105
 10459.1   40.1247
 10489.1   40.1247
 10519.1   40.0008
   10549   40.0008
   10579   40.0008
   10609   39.8778
 10638.9   39.8778
 10668.9   39.6339
 10698.9   39.6339
 10728.8   39.9285
 10758.8   39.9285
 10788.8   39.9285
 10818.8   39.8078
 10848.7   39.6879
 10878.7   39.5687
 10908.7   39.4503
 10938.6   39.3325
 10968.6   39.3325
 10998.6   39.4792
 11028.5   39.4792
 11058.5   39.2456
 11088.5   39.2456
 11118.4   39.3545
 11148.4   39.3545
 11178.4   39.2388
 11208.3   39.3689
 11238.3   39.3689
 11268.3    39.597
 11298.2    39.854
 11328.2    39.854
 11358.2    39.854
 11388.2   39.7391
 11418.1   40.3804
 11448.1   40.2647
 11478.1   40.2647
   11508   40.2647
   11538   40.0353
   11568   40.0353
 11597.9   41.1551
 11627.9   40.9233
 11657.9   40.9233
 11687.8   40.8083
 11717.8   40.8083
 11747.8   41.7712
 11777.8   41.7712
 11807.7   42.5502
 11837.7   42.5502
 11867.7   42.4327
 11897.6   43.5529
 11927.6   45.6006
 11957.6   45.6006
 11987.5    45.476
 12017.5   45.3521
 12047.5   46.3386
 12077.4   48.2032
 12107.4   49.0008
 12137.4   49.0008
 12167.3   49.0008
 12197.3   48.8698
 12227.3   49.8485
 12257.2   49.8485
 12287.2   49.8485
 12317.2   50.9785
 12347.2   50.8433
 12377.1   50.7088
 12407.1    50.575
 12437.1    50.575
   12467   50.4419
   12497   50.4419
   12527   50.3095
 12556.9   50.5449
 12586.9   52.2101
 12616.9   54.1211
 12646.8   53.9808
 12676.8   55.8076
 12706.8   57.7348
 12736.8   59.3951
 12766.7   59.3951
 12796.7   59.3951
 12826.7   59.3951
 12856.6   59.2436
 12886.6   59.2436
 12916.6   59.0929
 12946.5   61.3361
 12976.5   61.1808
 13006.5   60.7197
 13036.4   60.7197
 13066.4   64.2762
 13096.4   65.9004
 13126.3   65.9004
 13156.3   65.9004
 13186.3   65.7377
 13216.2   66.6231
 13246.2   66.2973
 13276.2   66.2973
 13306.2   66.2973
 13336.1   66.2973
 13366.1   67.5538
 13396.1   67.3894
   13426   68.1366
   13456   68.1779
   13486   68.0132
 13515.9   67.8591
 13545.9   67.7572
 13575.9   67.5951
 13605.8   68.2113
 13635.8   68.2113
 13665.8   67.8873
 13695.8   67.8873
 13725.7   67.8873
 13755.7   67.7264
 13785.7   67.7264
 13815.6   67.5663
 13845.6    67.407
 13875.6   67.2484
 13905.5   67.0905
 13935.5    66.777
 13965.5   66.6213
 13995.4   66.4664
 14025.4   66.4664
 14055.4   66.3317
 14085.3   66.3317
 14115.3   66.3317
 14145.3   66.3376
 14175.2   66.3358
 14205.2   66.3358
 14235.2   66.4336
 14265.2   66.3115
 14295.1   66.1659
 14325.1   66.1659
 14355.1   66.1659
   14385   66.0148
   14415   66.0148
   14445   66.0148
 14474.9   66.6571
 14504.9   66.3555
 14534.9   66.3555
 14564.8   66.2057
 14594.8   66.0566
 14624.8    65.819
 14654.8   65.6718
 14684.7   65.4496
 14714.7   65.3042
 14744.7   65.1594
 14774.6   65.2993
 14804.6   65.2993
 14834.6   65.1551
 14864.5   65.0116
 14894.5   65.0116
 14924.5   65.0116
 14954.4   64.8687
 14984.4   64.7265
 15014.4   64.5848
 15044.3   64.5848
 15074.3   64.6857
 15104.3   64.6857
 15134.2   64.7321
 15164.2   64.5724
 15194.2   64.5724
 15224.2   64.4326
 15254.1   64.2935
 15284.1    64.017
 15314.1   63.8796
   15344   63.7428
   15374   63.7428
   15404   63.7851
 15433.9   63.7851
 15463.9   63.7851
 15493.9   63.5136
 15523.8   63.2445
 15553.8   63.2445
 15583.8   63.1108
 15613.8   63.1108
 15643.7   62.9776
 15673.7   62.9776
 15703.7   62.8451
 15733.6   63.0579
 15763.6   63.0579
 15793.6   63.4648
 15823.5   63.3913
 15853.5   63.2593
 15883.5   63.1277
 15913.4   63.1277
 15943.4   62.9401
 15973.4   62.8101
 16003.3   62.7061
 16033.3   62.5771
 16063.3   62.5771
 16093.2   62.5771
 16123.2   62.4486
 16153.2   62.4486
 16183.2   62.0662
 16213.1   62.0662
 16243.1   61.9938
 16273.1   61.8678
   16303   61.8678
   16333   61.7076
   16363   61.7076
 16392.9   61.5832
 16422.9   61.4593
 16452.9    61.213
 16482.8    61.213
 16512.8    61.213
 16542.8   61.5585
 16572.8   61.7545
 16602.7   61.7545
 16632.7   61.6317
 16662.7   62.0293
 16692.6   62.1935
 16722.6   62.0709
 16752.6   62.0709
 16782.5   62.1877
 16812.5   62.1877
 16842.5   62.0656
 16872.4   61.9439
 16902.4   61.9439
 16932.4    62.014
 16962.3   61.9834
 16992.3   61.8676
 17022.3   61.8676
 17052.2   61.8676
 17082.2   61.8676
 17112.2   61.7472
 17142.2   61.6273
 17172.1   61.3889
 17202.1   61.3889
 17232.1   61.1524
   17262   61.0348
   17292   60.9176
   17322   60.8247
 17351.9   60.8247
 17381.9   60.7084
 17411.9   60.7084
 17441.8   60.7084
 17471.8   60.7084
 17501.8   60.9042
 17531.8   61.0648
 17561.7    61.018
 17591.7    61.018
 17621.7    61.018
 17651.6    61.018
 17681.6   61.4853
 17711.6   61.2546
 17741.5   61.1471
 17771.5   60.8055
 17801.5   60.6925
 17831.4   60.6925
 17861.4   60.6925
 17891.4   60.6925
 17921.3   60.3559
 17951.3   60.3559
 17981.3   60.1478
 18011.2   60.0373
 18041.2   59.9271
 18071.2   59.9271
 18101.2    59.708
 18131.1   59.4905
 18161.1   59.3823
 18191.1   59.2066
   18221   59.0201
   18251   59.0201
   18281   59.0201
 18310.9   58.9137
 18340.9   58.9137
 18370.9   58.9137
 18400.8   58.9137
 18430.8   58.9137
 18460.8   58.9137
 18490.8   58.8078
 18520.7   58.8078
 18550.7   58.7022
 18580.7   58.4922
 18610.6   58.4922
 18640.6   58.3852
 18670.6    58.178
 18700.5    58.178
 18730.5   58.1484
 18760.5   58.0454
 18790.4   58.0454
 18820.4   57.8407
 18850.4   57.7389
 18880.3   57.6374
 18910.3   57.6374
 18940.3   57.4355
 18970.2   57.4617
 19000.2   57.2539
 19030.2   57.2539
 19060.2   57.1545
 19090.1   57.0554
 19120.1   56.7285
 19150.1   56.7105
   19180   56.7105
   19210     56.67
   19240   56.6242
 19269.9   56.4418
 19299.9   56.4418
 19329.9   56.4005
 19359.8   56.4005
 19389.8   56.6046
 19419.8   56.6046
 19449.8   56.6135
 19479.7   56.6135
 19509.7   56.6135
 19539.7   56.6135
 19569.6   56.5179
 19599.6   56.7968
 19629.6   56.9991
 19659.5   57.4666
 19689.5   57.4341
 19719.5   57.4341
 19749.4   57.8396
 19779.4   57.8841
 19809.4   57.8841
 19839.3   57.9799
 19869.3   57.9396
 19899.3   58.1415
 19929.2   58.1856
 19959.2   58.3217
 19989.2   58.3007
 20019.2   58.3007
 20049.1   58.5292
 20079.1   58.6545
 20109.1   58.7451
   20139   58.9891
   20169    59.333
   20199   59.7343
 20228.9   59.7485
 20258.9   59.7485
 20288.9   60.0202
 20318.8   60.0202
 20348.8   59.8269
 20378.8   60.1462
 20408.8   60.1462
 20438.7   60.1462
 20468.7   60.0497
 20498.7   60.3766
 20528.6   60.3766
 20558.6   60.8571
 20588.6   60.7601
 20618.5   61.0119
 20648.5   61.0119
 20678.5   61.0119
 20708.4   61.3053
 20738.4   61.3049
 20768.4   61.2084
 20798.3   61.1122
 20828.3   61.1122
 20858.3   61.3487
 20888.2   61.2525
 20918.2   61.4979
 20948.2    61.402
 20978.2   61.3636
 21008.1   61.3636
 21038.1   61.2682
 21068.1    61.173
   21098    61.173
   21128   61.0782
   21158   60.8894
 21187.9   60.7954
 21217.9   60.7433
 21247.9   60.7433
 21277.8   60.6498
 21307.8   60.6498
 21337.8   60.6498
 21367.8   60.6498
 21397.7   60.5567
 21427.7   60.4638
 21457.7   60.4638
 21487.6   60.4638
 21517.6   60.3712
 21547.6   60.2789
 21577.5   60.1869
 21607.5   60.0951
 21637.5   60.0951
 21667.4   60.0036
 21697.4   59.9124
 21727.4   59.9124
 21757.3   59.8215
 21787.3   59.8215
 21817.3   59.8215
 21847.2   59.7325
 21877.2   59.7325
 21907.2   59.5521
 21937.2   59.4622
 21967.1   59.3366
 21997.1   59.3366
 22027.1   59.2475
   22057   59.1435
   22087    59.092
   22117    59.092
 22146.9   58.9796
 22176.9   58.9975
 22206.9   58.8521
 22236.8    59.583
 22266.8   59.4951
 22296.8   59.4075
 22326.8   59.4429
 22356.7   59.4429
 22386.7   59.2686
 22416.7   59.1818
 22446.6    59.366
 22476.6   59.2535
 22506.6   59.1858
 22536.5   59.1858
 22566.5    59.014
 22596.5    59.014
 22626.4    59.014
 22656.4    59.014
 22686.4   58.9284
 22716.3   58.9284
 22746.3   58.9284
 22776.3   58.8432
 22806.2   58.8432
 22836.2   58.7581
 22866.2   58.7581
 22896.2   58.6733
 22926.1   58.6733
 22956.1   58.5045
 22986.1   58.4204
   23016   58.3366
   23046   58.3366
   23076    58.253
 23105.9   58.1697
 23135.9   58.1697
 23165.9   58.1697
 23195.8   58.0866
 23225.8   58.0037
 23255.8   58.0037
 23285.8   57.8387
 23315.7   57.8387
 23345.7   57.7566
 23375.7   57.7566
 23405.6    57.593
 23435.6   57.5066
 23465.6   57.5066
 23495.5   57.4255
 23525.5   57.3447
 23555.5   57.3044
 23585.4   57.2653
 23615.4   57.0904
 23645.4   57.0904
 23675.3   57.0904
 23705.3   56.9318
 23735.3   56.8528
 23765.2   56.8528
 23795.2   56.7741
 23825.2   56.6955
 23855.2   56.6955
 23885.1   56.6172
 23915.1   56.5391
 23945.1   56.5391
   23975   56.4613
   24005   56.3062
   24035   56.3062
 24064.9   56.2289
 24094.9   56.2289
 24124.9   56.1519
 24154.8   56.1519
 24184.8   56.1519
 24214.8   55.9985
 24244.8   55.9221
 24274.7   55.8459
 24304.7   55.7699
 24334.7   55.7699
 24364.6   55.6941
 24394.6   55.6186
 24424.6   55.5432
 24454.5   55.5432
 24484.5   55.5432
 24514.5    55.468
 24544.4    55.468
 24574.4    55.468
 24604.4   55.3183
 24634.3   55.3183
 24664.3   55.2438
 24694.3   55.2475
 24724.2   55.1733
 24754.2   55.0992
 24784.2   55.0992
 24814.2   55.0781
 24844.1    55.058
 24874.1    55.058
 24904.1   54.9112
   24934   54.9112
   24964   54.9239
   24994   54.9534
 25023.9   54.9887
 25053.9   54.9887
 25083.9   54.9887
 25113.8   55.1061
 25143.8   55.1061
 25173.8   55.0333
 25203.8   55.0333
 25233.7   54.9607
 25263.7   54.8882
 25293.7    54.816
 25323.6    54.744
 25353.6   54.6722
 25383.6   54.6722
 25413.5   54.6722
 25443.5   54.6005
 25473.5   54.6005
 25503.4    54.529
 25533.4   54.4577
 25563.4   54.3867
 25593.3   54.3867
 25623.3   54.3157
 25653.3   54.3157
 25683.2    54.245
 25713.2    54.245
 25743.2   54.1745
 25773.2    54.034
 25803.1    54.034
 25833.1    54.034
 25863.1   53.9173
   25893   53.8517
   25923   53.7822
   25953   53.7129
 25982.9   53.7637
 26012.9   53.7637
 26042.9   53.8526
 26072.8   53.7974
 26102.8   53.7974
 26132.8   53.6596
 26162.8   53.6596
 26192.7    53.591
 26222.7   53.5226
 26252.7   53.3238
 26282.6   53.3238
 26312.6   53.3238
 26342.6    53.256
 26372.5   53.3697
 26402.5   53.3506
 26432.5   53.3407
 26462.4    53.314
 26492.4   53.2669
 26522.4   53.2669
 26552.3   53.2669
 26582.3   53.1999
 26612.3   53.2187
 26642.2   53.2187
 26672.2   53.2187
 26702.2   53.0855
 26732.2   53.0855
 26762.1   53.3913
 26792.1   53.3661
 26822.1   53.2997
   26852   53.2997
   26882   53.1673
   26912   53.1013
 26941.9   53.1013
 26971.9   53.4201
 27001.9   53.5311
 27031.8   53.5311
 27061.8   53.5311
 27091.8   53.5311
 27121.8   53.4049
 27151.7   53.5813
 27181.7   53.5813
 27211.7   53.8321
 27241.6   54.0629
 27271.6   54.4566
 27301.6   54.5412
 27331.5   54.5414
 27361.5   54.6291
 27391.5   54.6376
 27421.4   54.8753
 27451.4   54.8753
 27481.4   54.8091
 27511.3   55.4036
 27541.3   55.4767
 27571.3   55.5925
 27601.2   55.8784
 27631.2   55.8242
 27661.2   56.6172
 27691.2   56.7941
 27721.1   57.1413
 27751.1   57.6096
 27781.1   57.6119
   27811   58.0934
   27841   58.0815
   27871   57.9963
 27900.9    58.078
 27930.9   58.0594
 27960.9   58.0594
 27990.8   58.0475
 28020.8   58.0398
 28050.8   58.0398
 28080.8   58.1121
 28110.7   58.1121
 28140.7   58.0324
 28170.7    57.978
 28200.6   57.9283
 28230.6   57.9225
 28260.6   57.7579
 28290.5   57.6963
 28320.5   57.6299
 28350.5   57.6299
 28380.4   57.4976
 28410.4   57.4355
 28440.4   57.4595
 28470.3   57.4595
 28500.3   57.4595
 28530.3   57.3797
 28560.2   57.3797
 28590.2   57.3142
 28620.2   57.3142
 28650.2   57.3142
 28680.1   57.3142
 28710.1   57.2488
 28740.1   57.1836
   28770   57.1836
